% -------------------------------------------------------------------
%  Generated by MATLAB on 17-Sep-2014 16:59:23
%  MATLAB version: 8.3.0.532 (R2014a)
% -------------------------------------------------------------------
                                           

a0 = 0.5;

da = 0.001;

dk = 0.001;

f = [1.0008; 0.8755; 0.7888; 0.7037; 0.6287; 0.546; 0.4984; 0.4431; 0.4047; ...
     0.3617; 0.3298; 0.2882; 0.2603; 0.2472; 0.194; 0.1907; 0.1657; 0.159; ...
     0.1554; 0.1447; 0.1151; 0.1104; 0.1073; 0.0948; 0.0932; 0.0874; 0.0679; ...
     0.0698; 0.0451; 0.0731; 0.0511; 0.0414; 0.0472; 0.0321; 0.0431; 0.0348; ...
     0.0595; 0.0467; 0.0081; 0.0353; 0.015; 0.0246; 0.0271; 0.0313; 0.0196; ...
     0.0367; 0.0149; 0.0218; 0.024; 0.0172; 0.0241; 0.0176; 0.0057; 0.0053; ...
     0.0305; 0.0052; 0.0116; 0.0156; 0.0105; 0.0002; 0.0036; 0.0065; 0.0221; ...
     0.0017; 0.0143; 0.0092; 0.0034; 0.0052; 0.0023; 0.0039; 0.0102; 0.0062; ...
     0.0042; 0.0028; 0.0069; 0.0057; 0.0003; 0.0065; 0.0156; 0.013; 0.0267; ...
     0.0119; 0.001; 0.0064; 0.0084; 0.0206; 0.0111; 0.0095; 0.0072; 0.0046; ...
     0.0042; 0.0018; 0.0045; 0.0091; 0.008; 0.0011; 0.016; 0.007; 0.0003; ...
     0.0078];

k10 = 0.7;

k20 = 1.3;

n = 100;

r = 10;

t = [0; 0.1; 0.2; 0.3; 0.4; 0.5; 0.6; 0.7; 0.8; 0.9; 1; 1.1; 1.2; 1.3; ...
     1.4; 1.5; 1.6; 1.7; 1.8; 1.9; 2; 2.1; 2.2; 2.3; 2.4; 2.5; 2.6; 2.7; ...
     2.8; 2.9; 3; 3.1; 3.2; 3.3; 3.4; 3.5; 3.6; 3.7; 3.8; 3.9; 4; 4.1; ...
     4.2; 4.3; 4.4; 4.5; 4.6; 4.7; 4.8; 4.9; 5; 5.1; 5.2; 5.3; 5.4; 5.5; ...
     5.6; 5.7; 5.8; 5.9; 6; 6.1; 6.2; 6.3; 6.4; 6.5; 6.6; 6.7; 6.8; 6.9; ...
     7; 7.1; 7.2; 7.3; 7.4; 7.5; 7.6; 7.7; 7.8; 7.9; 8; 8.1; 8.2; 8.3; ...
     8.4; 8.5; 8.6; 8.7; 8.8; 8.9; 9; 9.1; 9.2; 9.3; 9.4; 9.5; 9.6; 9.7; ...
     9.8; 9.9];

